"pagenum","state","name","county","storet_code","lake_type","drainage_area","surface_area","mean_depth","total_inflow","retention_time","alkalinity","conductivity","sechhi","tp","po4","tin","tn","p_pnt_source_muni","p_pnt_source_industrial","p_pnt_source_septic","p_nonpnt_source","p_total","n_pnt_source_muni","n_pnt_source_industrial","n_pnt_source_septic","n_nonpnt_source","n_total","p_total_out","p_percent_retention","p_surface_area_loading","n_total_out","n_percent_retention","n_surface_area_loading"
"011","ARKANSAS","BEAVER RESERVOIR","BENTON CARROLL o IASHINGTON","501","IMPOUNDMENT","3087.3","114.2","17.8","42.45","1.5",NA,"94","2.1","0.022","0.006","0.33","0.61","45860",NA,"10","36160","82010","159785",NA,"385","1448335","1608505","18580","77","0.72","1110180","31","14.1"
"012","ARKANSAS","BULL SHOALS RESERVOIR","BAXTER BOONE MARION AR! TANEY OZARK MO","504","IMPOUNDMENT","15672.1","183.89","20.4","165.04","259","131","223","3.4","0.015","0.004","0.38","0.53","1475",NA,"35","101670","103180","4420",NA,"1225","6945940","6951585","64915","37","0.56","3777390","46","37.8"
"014","ARKANSAS","TABLE ROCK RESERVOIR","BOONE CARROLL AR, BARRY TANEY MO","515","IMPOUNDMENT","10411.8","174.42","19.1","114.8","330","97","175","2.3","0.022","0.007","0.35","0.6","214095",NA,"35","45290","259420","504120",NA,"1285","4360655","4866260","66555","74","1.49","6008260",NA,"27.9"
"015","MISSOURI","LAKE TANEYCOMO","TANEY","2904","IMPOUNDMENT","11297.6","12.22","5.8","123.81","7","96","155","2","0.023","0.007","0.53","0.72","5125",NA,"10","69010","76165","9555",NA,"615","6234120","6266090","87280",NA,"6.07","6038630","3","511"
"016","ARKANSAS","BLACKFISH LAKE","CRITTENDEN ST FRANCIS","502","NATURAL","288.8","1.62","1.8","287.1","8","33","88","0.1","0.424","0.09","1.47","2.425",NA,NA,"5","112130","112135",NA,NA,"275","390625","390900","92130","18","69.22","303920","22","241.3"
"017","ARKANSAS","0LUE MOUNTAIN LAME","LOGAN YELL","503","IMPOUNDMENT","1263.9","11.74","2.6","14.61","25","20","5","0.4","0.05","0.01","0.16","0.4","5065",NA,"5","11700","16050","4295",NA,"250",NA,"424500","31255",NA,"1.44","343495","19","36.2"
"018","ARKANSAS","LAKE CATHERINE","GARLAND HOT SPRING","505","IMPOUNDMENT","3926.4","7.05","5.5","65.66","0","17","62","1.2","0.029","0.006","0.1","0.43","42410",NA,"15","36410","70035","127190",NA,"620","1060970","1100700","49340","37","10.04","1735200",NA,"151.4"
"019","ARKANSAS","HAMILTON LAKE","GARLAND","510","IMPOUNDMENT","3732.2","26.28",NA,"62.76",NA,NA,"50",NA,NA,"0.006","0.13",NA,"36190",NA,"75","35640","71705","108165",NA,"2845","798955",NA,"344335","539","2.95","1008320",NA,"37.5"
"021","ARKANSAS","OUACHITA LAKE","GARLAND MONTGOMERY","514","IMPOUNDMENT","2861.9","162.28","16.3","43.6","1.9","22","69","2.8","0.015","0.006","0.155","0.335","590",NA,"10","27470","28070","1535",NA,"430","736865","736830","23445","16","0.17","565150","23","6.5"
"023","ARKANSAS",NA,"CHICOT","506","IMPOUNDMENT",NA,"21.45","2.7","13.62",NA,"85","189","0.4","0.162","0.089",NA,"1.2",NA,NA,"5","142530","142535",NA,NA,"250","872935","873185","115735","19","6.64","700900","20","40.7"
"024","ARKANSAS","DEGRAY RESERVOIR","CLARK HOT SPRING","507","IMPOUNDMENT","1173.3","54.23","14.9","19.76","677","24","69","2.1","0.019","0.004","0.13","0.42","1375",NA,"30","10345","11750","4120",NA,"1135","188135","193390","10270","13","0.22",NA,NA,"3.6"
"025","ARKANSAS","LAKE ERLING","LAFAYETTE","508","IMPOUNDMENT","1023","28.33","2.1","10.36","67","10","64","1.1",NA,"0.02","0.12","0.665","2615",NA,NA,"21630",NA,"7340",NA,NA,"300735","303515","16095",NA,"0.86","233290","24","10.9"
"026","ARKANSAS","GREER","VAN DUREN CLERURNE","516","IMPOUNDMENT","2986.3","163.9","21.4","49.66","20",NA,"30","3.3","0.012","0.004","0.14","0.32","4020","4444444444","25","35355","39400","21205","4444444444","975","904950","927210","20525","40","0.24","1227040",NA,"5.7"
"027","ARKANSAS","GRAND LAKE","CHICOT","509","NATURAL","5555555555","5.67",NA,"5555555555","555555","95","160","0.5","0.101","0.021","0.09","1.22","5555555555","5555555555","5555555555","5555555555","5555555555","5555555555","5555555555","5555555555","5555555555","5555555555","5555555555","55555","5555555555","5555555555","55555","5555555555"
"028","ARKANSAS","MILLHOOO RESERVOIR","HEMPSTEAD HOUARD LITTLE RIVER SEVIER",NA,"IMPOUNDMENT","10733","118.17","2.2","165.29","18","20","66","0.8","0.04","0.008","0.12","0.49","17590",NA,NA,"244785","262375","68420",NA,NA,NA,"3606355","279845",NA,"2.22","2906545","33","30.5"
"030","ARKANSAS","NIMROD LAKE","PERRY YELL","512","IMPOUNDMENT","1771.6","14.57","2.5","24.41","17","13",NA,"0.8","0.039","0.006","0.16",NA,NA,NA,"15","15965","15980",NA,NA,"615","541240",NA,"30565",NA,"1.1","460910","15","37.2"
"031","ARKANSAS","NORFOLK LAKE",NA,NA,"[HPUUNDHENT","4682.7","89.03","17.3","50.2","355","155","256","3.6","0.015","0.005","0.32","0.51","820",NA,"30","20955","21805","2465",NA,"1130",NA,"1664340","27840",NA,"0.24","1442945","13","13.7"
"033","TOMA","LAKE AMUUAGI","MARREN","1901","IMPOUNDMENT","12.8","0.53","3","0.07","263","104","187","0.6","0.062","0.009","0.335","1.12",NA,NA,"100","530",NA,NA,NA,"390","10965","11355",NA,"67","1.02","4290","62","21.4"
"034","TOMA","BIG CREEK RESERVOIR","POLK","1902","IMPOUNDMENT","203.6","3.44","6.7","0.99","269","274","443","1.6","0.046","0.011","6.465","7.185",NA,NA,NA,"1800","7800",NA,NA,NA,"369210","369210","2055","74","2.27","201830","45","107.3"
"035","IOWA","BLACK HARK LAKE","SAC","1903","NATURAL","60.3","3.72","1.7","0.27","271","147","322","0.3","0.185","0.02","0.13","1.715",NA,"66009609",NA,"2010","2035",NA,NA,"905","79585","80690","1635","20","0.55","23995","70","21.6"
"036","IOWA","CLEAR LAKE","CERRO GORDO","1904","NATURAL",NA,"14.14","3",NA,NA,"155","272","0.9","0.059","0.01","0.07","1.39",NA,NA,NA,NA,NA,NA,NA,NA,NA,NA,NA,NA,NA,NA,NA,NA
"037","IOWA","LOST ISLAND LAKE","CLAYoPALO ALTO",NA,"NATURAL",NA,"5.1","3","9009090090","909909","178","303","2","0.146","0.021","0.065","2.665",NA,NA,NA,NA,NA,NA,NA,NA,NA,NA,NA,NA,NA,NA,NA,NA
"038","IOWA","LAKE MACRRIDE","JOHNSON",NA,"IMPOUNDMENT",NA,"3034","7.3","0.41","232","125","253","1.1","0.001","0.01","2.035","2.595","1075",NA,NA,"1510","2585","3230",NA,NA,"61650","34330","725","72","0.07","23590","53","16.9"
"039","IOWA","PRAIRIE ROSE LAKE","SHELRY","1908","IMPOUNDMENT","20.4","0.88","3.3","0.08","1.2","166","287","0.9","0.056","0.01","0.21","1.26",NA,NA,NA,"635","635",NA,NA,NA,"14090","14090",NA,"73","0.72","4705","67","16"
"040","IOWA","RATHBUN RESERVOIR","APPANOOSELUCASM0NR0EHAYNE","1909","IMPOUNDMENT","1421.9","44.52","0.7","9.05","1","90","232","0","0.071","0","1.17","1.705","9535",NA,"10",NA,"100055","23705",NA,"425","74900",NA,"19290","2","2.45","5469450","39","20.2"
"041","IOWA","PEO ROCK RESERVOIR","MARION","1910","IMPOUNDMENT","31916.6","36.22","3","126.14","10",NA,"572","0.7","0.16",NA,"1.88","2.86",NA,NA,NA,"2070570",NA,NA,NA,NA,"28901345","30061150","978530","61","68.96",NA,"26","830"
"042","IOWA","ROCK CREEK LAKE",NA,NA,"IMPOUNDMENT","107.2","2.6","2.7","0.57","143","169","333","0.5","0.065","0.007","1.4","2.43",NA,NA,NA,"8125","8125",NA,NA,NA,"93420","92420",NA,"82","3.12","70375","24","35.5"
"043","IOWA","SILVER LAKE","HORTH","1912","NATURAL","8.2","1029",NA,"0.09",NA,"110","159","0.4","0.193","0.034","0.565","0.39",NA,NA,NA,"315","315",NA,"909900",NA,NA,"6990","200","37","0.24","5495",NA,"3.9"
"044","IOWA","SPIRIT LAKE","DICKINSON","1913","NATURAL",NA,"23","5.5",NA,"9909","184","368","2","0.041","0.007","0.09","1.215",NA,NA,NA,NA,NA,NA,NA,NA,NA,NA,NA,NA,"9e+07",NA,NA,NA
"045","IOWA","VIKING LAKE","MONTGOMERY","1914","IMPOUNDMENT","10.3","0.61","5.8","0.07","1.6","120","219","1","0.075","0.011","0.13","1.07",NA,NA,NA,"300","300","411111000",NA,NA,NA,NA,"170","43","0.49","2785","37","1.2"
"046","IOWA",NA,"DICKINSON","1915","NATURAL",NA,"14.93",NA,NA,NA,"219","306","3","0.046","0.017","0.06","0.925",NA,"9999",NA,NA,NA,NA,NA,NA,NA,NA,NA,NA,NA,NA,NA,NA
"047","ARKANSAS","CEDAR BLUFF RESERVOIR","TREGO","2001","IMPOUNDMENT","14322.7","26.86","8.5","2.7","0.3","119","965","1.1","0.017","0.006","0.055","0.535",NA,NA,"5",NA,NA,NA,NA,"205",NA,"157765","2090","53","0.17","73875",NA,"509"
"048","ARKANSAS","COUNCIL GROVE RESERVOIR","MORRIS","2002","IMPOUNDMENT","647.5","13.27","3.9","3.224","218","155","282","0.4","0.069","0.028","0.83","1.245","585",NA,NA,"26885","27470","1760",NA,NA,"449340",NA,"9010","67","2.07","165745","63","34"
"049","ARKANSAS","ELK CITY RESERVOIR","MONTGOMERY","2003","IMPOUNDMENT","1642.1","17.81","2.4","11.46","45",NA,"269","0.2","0.03","0.003","0.59","0.87","2410",NA,NA,"37280","39690","7230",NA,NA,"546230","553460","21940","45","2.23","405870","27","31.1"
"050","ARKANSAS","FALL RIVER RESERVOIR","GREENHOOD","2004","IMPOUNDMENT","1515.1","10.52","3","10.27",NA,"137","363","0.3","0.053","0.016","0.47","0.65","4120",NA,"5","15250","19375","12350",NA,"215","489805","502370","24695",NA,"1.84","562230",NA,"67.8"
"051","ARKANSAS","JOHN REDMOND RESERVOIR","COFFEY LYON","2005","IMPOUNDMENT","7808.8","38.04","2","40.39","23","159","333","0.2","0.118","0.066","1.25","1.81","84550",NA,NA,"265305","349855","229025",NA,NA,"3693215","3922240",NA,"43","9.2","2480455","37","103.1"
"052","ARKANSAS","KANOPOLIS RESERVOIR","ELLSUORIH","2006","IMPOUNDMENT","20349.6",NA,"4.5","9.622","120","149","1068","0.3","0.056","0.011","0.64","1.21","4665",NA,"15","90740","95620","15205",NA,"495","623495","639195","21020",NA,"6.65","496560","22","44.5"
"053","ARKANSAS","MARION RESERVOIR IEUTRUPRICI","MARION","2007","IMPOUNDMENT","518","26.93","4.1","2.31",NA,"126","432","0.4","0.052","0.01","0.63","1.1","970",NA,NA,"9250","10220","2905",NA,NA,"156720","159625","2850","72",NA,"52510","67","6.4"
"054","ARKANSAS","MELVERN RESERVOIR","OSAGE","2008","IMPOUNDMENT","909.1","28.05","6","6.188","1.1","146","377","1","0.034","0.007","0.265","0.935","310",NA,NA,"21775","22085","935",NA,NA,"503465","504400","8465","62","0.79","355240","30","18"
"055","ARKANSAS","MILFORD RESERVOIR","CLAY GEARY","2009","IMPOUNDMENT","64465610","65051","7.8","276193","235","196","645","0.9","0.079","0.036","0.71","1.2","14030",NA,NA,"414535","428565","43565",NA,NA,"2316050","2359615","48260","89","6.54","1327935","44","36"
"056","ARKANSAS","NORTON RESERVOIR","NORTON","2010","IMPOUNDMENT","1771.6","8.86","5","1.018","1.8","216","475","0.6","0.122","0.036","0.11","1.22","285",NA,NA,"10840","11125","350",NA,NA,"72755","73505","2750","75","1.26","21220","71","8.3"
"057","ARKANSAS","PERRY RESERVOIR","JEFFERSON","2011","IMPOUNDMENT","2893","49.37","3.7","13.52","281","166","371","0.5","0.055","0.017","0.97","1.42","18455",NA,NA,"-83895","102350","31100","60964111696",NA,"739750","116330","24850","76","2.07","515860","34","15.7"
"058","ARKANSAS","POMONA RESERVOIR",NA,"2012","IMPOUNDMENT","834","16.19",NA,"5.333","193","142","327","0.5","0.04","41.021","1.2","1.65",NA,NA,NA,"12630","15875","9230",NA,NA,"360805","370035","13385","16",NA,"316370","15","22.9"
"059","ARKANSAS","TORONTO RESERVOIR","GREENHOOD HOODSON","2013","IMPOUNDMENT","1934.7","11.33","2.5","16.72","22","122","327","0.3","0.067","0.011","0.925","0.675","2290",NA,"15","23300","25605",NA,NA,"565","629325","636765","35960",NA,"2.26","661285",NA,"56.2"
"060","ARKANSAS","TUTTLE CREEK RESERVOIR","MARSHALL POTTARATOMIE RILEY","2014","IMPOUNDMENT","24967.6","63.94","8.2","54.748","139","197","487","0.8","0.162","0.067","0.97","1.46","12570",NA,NA,"1411435",NA,"43220",NA,NA,"7683290","7726510","229125","84","22.28","4192595","46","120.8"
"062","ARKANSAS","MILSON RESERVOIR","RUSSELL","2015","IMPOUNDMENT","4965","36.42","6.4","5.144","2","140","224","1.4","0.023","0.004","0.265","0.035","3795",NA,NA,"13340","17135","11305",NA,NA,"270660","-290045","5065","70","0.47","160140","45","0"
"063","LOUISIANA","ANACOCO LAKE","VERNON","2201","IMPOUNDMENT","538.7","10.52","2.8","7.54","45","14","37","1.1","0.031","0.007","0.08","0.545",NA,NA,"25","6415",NA,NA,NA,"905","162690","163595","7805",NA,"0.61","250740",NA,"15.6"
"065","LOUISIANA","SLACK BAYOU RESERVOIR","rADDD","2204","IMPOUNDMENT","608.6","16.06","1.4","6.94","37","10","167","1.2","0.046","0.009","0.09","0.63","3175",NA,"30","14010","17215","9175",NA,"1120","205810","216105",NA,"7985","54","170090","21","13.5"
"066","LOUISIANA","BLACK LAKE","NATCHITOCHES RED RIVER","2219","NATURAL",NA,NA,"2.6",NA,NA,"10","125","1.2","0.077","0.015","0.15","0.62",NA,NA,"0",NA,NA,NA,NA,NA,NA,NA,NA,"60606",NA,NA,NA,NA
"067","LOUISIANA","RRUIN LAKE","TENSAS","2202","NATURAL",NA,"9.48","9.1","0","0","92",NA,"1.3",NA,"0.012","0.25","0.78","0","0","0",NA,"0","0","0","0","0","0","0","0",NA,NA,"90900",NA
"068","LOUISIANA","BUNDICK LAKE","REAUREGARO","2205","IMPOUNDMENT","546.5","7.07","1","7.3","15","11","59","0.3",NA,"0.073","0.135","0.82","14275",NA,"5","30745","53025","30320",NA,"20","213615","251955","31130","41","7.5","2640750",NA,"3506"
"069","LOUISIANA","COCODRIE LAKE","CONCORUIA","2207","NATURAL",NA,"3.99","4.9",NA,NA,"56","141","0.5","0.09","0.026","0.4","0.995",NA,NA,NA,NA,NA,NA,NA,NA,NA,NA,NA,NA,"60669695656",NA,"900",NA
"070","LOUISIANA","COCODRIE LAKE","RAPIDES","2220","NATURAL","621.4","24.68","0.5","9.66","14","82","162","0.5","0.106","-0.014","0.05","0.82",NA,NA,NA,"14655","14685",NA,NA,"1065","179310","130435","13075","11","0.6","186195",NA,"7.3"
"071","LOUISIANA","LAKE CONCOROIA","CONCORDIA","2209","NATURAL","0","4.25","6.1","0","0","147","297","0.3","0.076","0.009","0.03","0.32","0","0","0","0","0","0","0","0","0","0","0","900","0","0","0","0"
"072","LOUISIANA","COTILE RESERVOIR IMESO","RAPIDES","2208","IMPOUNDMENT",NA,"1025","4.3","1.7","206","14","42","1.5","0.037",NA,"0.1","0.52",NA,NA,"5","3330","3385",NA,NA,"105","32420","32525",NA,NA,"0.47","45175",NA,"4.5"
"073","LOUISIANA","CROSS LAKE","CADDO","2210","IMPOUNDMENT","655.3","35.17","2.7","6.87","180","21","185","0.6","0.057","0.01","0.08","0.83","1770",NA,"105","10200","12075","5670",NA,"3905","156375","165950","11965","1","0.36","167780",NA,"6.6"
"074","LOUISIANA","BAYOU DARHONNE LAKE LMESO","UNION» LINCOLN",NA,"IMPOUNDMENT","4162.1",NA,"2.6","49.79","36","10","88","1.1","0.038","0.011","0.1","0.46","25140",NA,"70","56850","82060","67535",NA,"2660",NA,"1256905","48615",NA,"1.33","1561750",NA,"20.4"
"075","LOUISIANA","FALSE RIVER LAKE","POINTE COUPEE","2212","NATURAL",NA,"11.13","7.1",NA,NA,NA,"235","1.5","0.082","0.023","0.13","0.86",NA,NA,NA,"6666696666","6666666666",NA,NA,NA,"6966966966","6666666666",NA,"96999",NA,NA,NA,NA
"076","LOUISIANA","INDIAN CREEK RESERVOIR","RAPTOES","2213","IMPOUNDMENT","58.3","9.11","3.4","0.81","441","18","39","1.1","0.031","0.01","0.15","0.6",NA,NA,NA,"555","555",NA,NA,"70","18685","18755","1085",NA,"0.06","18030","4","2.1"
"077","LOUISIANA","SALINE LAKF","LASALLE","2214","NATURAL",NA,"7.93","2.1",NA,NA,"14","99","0.2","0.111","0.025","0.35","1.08",NA,NA,NA,NA,NA,NA,NA,NA,NA,NA,NA,NA,NA,NA,NA,NA
"078","LOUISIANA","TURKEY CREEK LAKE","FRANKLIN","2215","IMPOUNDMENT","461","12.54","2","5.02","57","26","82","0.6","0.176","0.033","0.17","0.82","3915",NA,"5","43305","67225","8970",NA,"265","238660","247895","29890","37","3.77","202615","18","19.8"
"079","LOUISIANA","LAKE VERRET","ASSUMPTION","2216","NATURAL",NA,"56.98","1.5",NA,NA,"93","253","0.5","0.163","0.056","0.1","1.26","0","9",NA,"9e+05",NA,"0","0","0","0","0","0","0","0","0","0","0"
"080","LOUISIANA","LAKE VERNON","VERNON","2217","IMPOUNDMENT","295.3","17.09","4.1","4.13","197","10","31","1.6","0.018","0.007","0.12","0.62",NA,NA,"20","4150","4170",NA,NA,"695",NA,"100375","2995","23","0.24","73175","27","5.9"
"081","MISSOURI","CLEARHATER LAKE","REYNOLDS uAYNE","2901","IMPOUNDMENT","2325.8","6.6","4.1",NA,"13","98","201",NA,"0.017",NA,"0.15","0.3","1265",NA,"15","6380","7660","3560",NA,"560","782015",NA,"20965",NA,"1.16","973230",NA,NA
"082","MISSOURI","POMME DE TERRE RESERVOIR","POLK HICKORY","2902","IMPOUNDMENT","1592.8","31.65","9.5","11.81","314","120","222","1.3","0.043","0.008","0.275","0.805","7120",NA,"25","13635","20780","17405",NA,"990","588640","607035","126800","39","66","433540",NA,"19.2"
"083","MISSOURI","STOCKTON RESERVOIR",NA,"2903","IMPOUNDMENT","3005.4",NA,"7.3","22.65",NA,NA,"230","1.8","0.022","0.006","0.67","0.985","20700",NA,"5","28590","49295","56575",NA,"215","1734420","1791210","10740","78","0.49","1105085","38","17.8"
"084","MISSOURI","THOMAS HILL RESERVOIR","MACON RANDOLPH","2905","IMPOUNDMENT","300.5","17.01","4.1","2.14","1.2","56","257","0.3","0.082","0.011","1.04","1.55",NA,NA,"5","8530","8535",NA,NA,"215","203465","203660","3700","57",NA,"107770","47","11.4"
"085","MISSOURI","LAKE NAPPAPELLO","WAYNE 9 BUTLER","2900","IMPOUNDMENT","3395.5","10.59","3","30.01","14","0","139","1","0.033","0.004","0.105","0.35","315",NA,"15","31510","31900","1120",NA,"2035","1300125","1310000","52010",NA,"1.93","1520300",NA,"2"
"086","ALASKA","BRANCHED OAK RESERVOIR","LANCASTER","3101","IMPOUNDMENT","214.7","7.28","5.5","0.76","2.8","226","406","1.1","0.044","0.013","0.07","0.86",NA,NA,NA,"5250","5250",NA,NA,NA,"55755","55755","1035","80","0.72","16065","71","7.7"
"087","ALASKA","HARLAN COUNTY RESERVOIR","HARLAN","3102","IMPOUNDMENT","35042.7","54.5","7.8","11.37","1.4","199","475","0.6","0.112","0.061","0.365","1.09","3190",NA,"45","117890","121125","9390",NA,"1600","1033905","1044895","24740",NA,"2.22","349165","67","19.2"
"088","ALASKA","HARRY D STRUNK RES","FRONTIER","3103","IMPOUNDMENT","1657.6","7.59","5.8","20130",NA,"176","335","0.3","0.064","0.009","0.46","1.03","1320",NA,"5","44555","45330","3965",NA,"95","253420","262430","2725","94","6.13","112530","57","35"
"089","ALASKA","HUGH BUTLER RESERVOIR","FRONTIFRcRED HILLOH","3104","IMPOUNDMENT","828.8","6.59","5.9","1.4","1.2","240","314","0.8","0.061","0.014","0.09","0.74",NA,NA,"10","10535","10595",NA,NA,"340","88050","88390","1940",NA,"1.61","48705","45","13.4"
"090","ALASKA","JOHNSON RESERVOIR","DARSONGOSPER","3105","IMPOUNDMENT",NA,"11.53","6.1","33.37","27","177","720","0.6","0.075","0.009","0.34","0.94",NA,NA,"165","77295","77460",NA,NA,"6115","1616795","1622910","52295","32","6.72","1172000","28","140"
"091","ALASKA","CH MCCONAUGHY RES IMESO","KEITH","3108","IMPOUNDMENT","88821.9","141.84","19.8","45.08","2.4","202","859","2.3","0.027","0.004","0.585","0.83","1475",NA,"45","190890","192410","4430",NA,"1825","4218715","4224770","385750","80",NA,"1218105","71","29.8"
"092","ALASKA","PAHNEE RESERVOIR","LANCASTER","3107","IMPOUNDMENT","5.2","2.99","3.7","0.23","2.9","223","304","1.2","0.06","0.02","0.175","1.065",NA,NA,NA,"2190","2190",NA,NA,NA,"16885","16335","555","75","0.73","5560","67","5.6"
"093","ALASKA","SHERMAN RESERVOIR","SHERHAN","3108","IMPOUNDMENT",NA,"11.51","7.3",NA,NA,"105","169","1.2","0.067","0.05","0.09","0.34",NA,NA,NA,NA,NA,NA,NA,NA,"0",NA,NA,NA,NA,NA,NA,NA
"094","ALASKA","SHANSON RESERVOIR","HITCHCOCK",NA,"IMPOUNDMENT",NA,"20.13","7.3","5.17","1.4","241","457","0.9","0.067","0.016","0.09","0.62","1560",NA,"10","15925","17495","4540",NA,"285","271685","276510","59300","660","87","133805","50","13.7"
"095","DAKOTA","LAKE ASRTAUULA IEUTRDPRIC1","0ARNE5ORIGGS","3001","IMPOUNDMENT","4966.9","21.96","4","3.737","304","260","571","0.7","0.26","0.17","0.16","1.66","1975",NA,"35","30025","32035","5915",NA,"1065","295005","302065","25025","19","1.66","263675","20","13"
"096","DAKOTA","AUDUBON LAKE","MCLEAN","3802","IMPOUNDMENT",NA,"48.56",NA,NA,NA,"400","1211","1.4","0.087","0.015","0.22","1.795",NA,NA,NA,NA,NA,NA,NA,NA,NA,NA,NA,NA,NA,NA,NA,NA
"097","DAKOTA","BRUSH LAKE","MCLEAN","3803","NATURAL",NA,"0.81","2.5",NA,NA,"400","856","1.3","0.066","0.01","0.095","1.31",NA,NA,NA,NA,NA,NA,NA,NA,NA,NA,NA,NA,NA,NA,NA,NA
"098","DAKOTA","LAKF DARLING","RENVILLEoHARD","3804","IMPOUNDMENT","8417.5","40.06","3.4","3.274","1.4","210","540","0.8","0.274","0.18","0.25","1.56","6666666666","6666666666","6666666666","19090","19090","6666666666","6666666666","6666666666","245400","245400","10720","44","0.48","163400","33","6.1"
"099","DAKOTA","DEVILS LAKE","BENSONoRAHSEY","3805","NATURAL",NA,"48","2.5",NA,NA,"448","3685","1.3","0.63","0.469","0.14","3",NA,NA,"6666949646",NA,NA,NA,"460006666","9646596509",NA,NA,"6949469690","90909",NA,NA,NA,NA
"100","DAKOYA",NA,NA,"3806","IMPOUNDMENT","1952.5","4.86","7.5","0.74",NA,"226","485","1.6",NA,"0.078","0.365",NA,NA,NA,"15",NA,NA,NA,NA,"640","49830",NA,"4570",NA,"92","348750","31",NA
"101","DAKOTA","LAKE LAMOURE","LAMOURE","3807","IMPOUNDMENT","357.4","2000","5","0.182",NA,"269","608","2","0.438","0.29","0.38","2.09",NA,NA,NA,"2690","2690",NA,NA,NA,"10345",NA,"1580","41","1.34","9040","13","5.2"
"102","DAKOTA",NA,"UALSH","3808","IMPOUNDMENT","227.9","0.53","6.2","0.107","236","169","393","0.6","0.228","0.179",NA,"1.36",NA,NA,NA,NA,NA,NA,NA,NA,"7450",NA,"510","36","1051","7320","2","14.1"
"103","DAKOTA","LAKE METIGOSHE","BOITINEAU","3809","NATURAL","0","3.74","2.3","0","0","268","500","2.8","0.032","0.01","0.08","1.2","0","0","0","0","0","0","0","0","0","0","0","0","0","0","0","0"
"104","DAKOTA","PELICAN LAKE","ROTIINEAU","3811","NATURAL",NA,"0.13","3.1",NA,NA,"286","433",NA,"0.034","0.006","0.07","1.33",NA,NA,NA,"90",NA,NA,NA,NA,NA,NA,NA,NA,NA,NA,NA,NA
"105","DAKOTA","LANE SANANAHEA","DUNNHCNENzIEHCLEANHERCERMOUNTRAILHILLIAHS","3612","IMPOUNDMENT","469625.6","1490.21","16.9","652.93","1.6","167",NA,"2.3","0.016","0.007","0.15","0.33","17655",NA,"10","6660100","6697765","52950",NA,"455","26063775","26137160","462250","93","4.49","10446205","63","16.9"
"107","DAKOTA","SPIRITHOOD LAKE","STUTSMAN","3013","NATURAL",NA,NA,"8.8",NA,NA,"376","2325","2.1","0.156","0.002","0.29","2.56",NA,NA,NA,NA,NA,NA,NA,NA,NA,NA,NA,"96.6",NA,NA,NA,NA
"108","DAKOTA","SHEET BRIAR LAKE","MORTON","3814","IMPOUNDMENT","393.1","1.1","2.9","0.232","133","200","519","1.5","0.092","0.031","0.09","1.32",NA,NA,"10","1015","1005",NA,NA,"420","23010","23430","1030","45","1.11","12265","40","21.3"
"110","OKLAHOMA","ALTUS RESERVOIR","GREER KIOMA","4001","IMPOUNDMENT","5400.4","25.41","6.4","4.09","2.1","143","2019","0","0.041","0.01","0.06","0.63",NA,NA,"5",NA,"10105",NA,NA,"120","902625","902745","3910","63","0.42","96025","9","35.5"
"111","OKLAHOMA","ARBUCKLE LAKE","MURRAY","4002","IMPOUNDMENT","326.3",NA,"9.4",NA,"3.2","158","319","1.4","0.02","0.008","0.07","0.44",NA,NA,NA,"3310",NA,NA,NA,NA,"61220","61220","885","77",NA,"28905","53",NA
"112","OKLAHOMA","LAKE ELSHORTH","CADDO COMANCHE","4003","IMPOUNDMENT","642.3","22.66","5.1","4.26","1.4","150","367","1","0.037","0.009","0.07","0.62",NA,NA,"5","3510","5495","4480",NA,"160","158970","163610","4665",NA,"0.24","89635",NA,"7.2"
"113","OKLAHOMA","LAKE EUFAULA","HASKELL MCINTOSH OKMULGEEo PITTSBURG","4004","IMPOUNDMENT","97958.9","414.81","10.1","181.73","309","88","382","0.4","0.081","0.029","0.605","0.81","629755",NA,"10","1297160","1726905","868285",NA,"270","10369635","11218190","1084280","37","4.16","10392320","7","27"
"114","OKLAHOMA",NA,NA,"4005","IMPOUNDMENT","787.4","16.47","6.4","1.23","7.6","157","450","1.1","0.033","0.012","0.11","0.76","260",NA,"5","9105","9370","775",NA,"115","105525",NA,"590","94","0.57","16100","35","6.5"
"115","OKLAHOMA","PORT SUPPLY RESERVOIR","MOODuARO","4006","IMPOUNDMENT","3869.5","1.61","11.9","2.31","1.6","184","7910","64","70",NA,"135","690","980",NA,"5","2335","3320","2930",NA,"105","49440","52415","26700","20",NA,"60115",NA,"6.9"
"116","OKLAHOMA","FOSS RESERVOIR","CUSTER","4001","IMPOUNDMENT","3059.1","35.61","0.9","2.09","43.1","151","1019","0.9","0.021","0.006","0.09","0.1","310",NA,NA,"9300","9615","1105",NA,"160","193065","195130",NA,NA,"0.21",NA,NA,"5.5"
"117","OKLAHOMA","LAKE FRANCES","AOAIR",NA,"IMPOUNDMENT",NA,"2.31","1","16.67","3","99","189","0.4","142","0.093","10780","2.135","595",NA,NA,"34135","34130","1785","666006666","6666606606","1326215","1333000","66560","22","36.7",NA,"19",NA
"118","OKLAHOMA","GRND LK 0 THE CHEROKEES","HAYES DELAWARE CRAIG OTTONA","4009","IMPOUNDMENT","26671.5","188.18","10.9","194.68","129","97","253","0.8","0.087","0.038","0.74","1.13","34600","12585","60","1250605","1297850","95125","4025","2335","13481690","13583175","684480","47","6.9","10157185","25","72.2"
"120","OKLAHOMA","LAKE HEFNER","OKLAHOMA","4010","IMPOUNDMENT","25.1","10.12","9.1","1.52","2.9","140","811","1","0.057","0.036","0.25","0.71",NA,NA,NA,"4535","4535",NA,NA,NA,"61470","61070","950","79","0.45",NA,"11","6.1"
"121","OKLAHOMA","KETSTONE RESERVOIR IEUTRUPNICI","TULSA OSAGEO CREEK PAUNEE","4011","IMPOUNDMENT","162673.4","106.43","7.7","179.73","55","114","1293","0.4","0.136","0.096","0.69","1.2","22765",NA,"10","1731070","1753645","63960",NA,"395","14225225","10289580","705740","55","16.46","8706810","39",NA
"123","OKLAHOMA","OOLOGAM RESERVOIR","NONATA ROGERS","4012","IMPOUNDMENT","11237.7","119.22","5.7","11.74","109","109","301","0.4","0.059","0.031","0.5","0.94","330",NA,"15","403115","411460","19095",NA,"515","4211005","4230215","1598850","610","3.65","3743220","12","35.5"
"124","OKLAHOMA","TENRILLER FERRY RES","CHEROKEE SEOUOYAR","4013","IMPOUNDMENT","4169.9","51.19","15.5","41.17","240","75","147","1.6","0.039","0.016","0.55","0.9","16970",NA,"20","92060","109050","34410",NA,"705","2561635","2596950","593056",NA,"2.13","2070280","20","50.7"
"125","OKLAHOMA","LAKE THUNDERBIRD","CLEVELAND","4014","IMPOUNDMENT","662.3","24.56","6","1.64","14.6","180","365","0.9","0.027","0.009","0.15","-0.675",NA,"9406066006","5","1515","1830",NA,NA,"265","105475","105740",NA,NA,NA,"6235","92","4.3"
"126","OKLAHOMA","MISTER RESERVOIR IEUTRIIPHICI","LEFLORE","6015","IMPOUNDMENT","2570.7","16.19","2.3","20.1","16","16","67","0.5","0","0.016","0.23","0.665","2035",NA,"5","63005","66725","500",NA,"160","655650","666290",NA,NA,"2.89","191156",NA,"61"
"127","DAKOTA","LAKE ALBERT","KINGSBURY","4601","NATURAL","556.8",NA,"1.2","0.09",NA,"244","1296","0.3","0.321","0.019","0.17","6.42","6666666666","6666666666","6666666666","6666666666","666666666","6666666666","6666666666","6666666666","6666666666","6666666666","6666666666","66666","6666666666","6666666666","66666","6666666666"
"128","DAKOTA","LAKE ALVIN","LINCOLN","4602","IMPOUNDMENT",NA,NA,NA,"0.058","325","152",NA,NA,"0.067","0.017","0.97","1.96",NA,NA,NA,"625","625",NA,NA,NA,"5480",NA,"295","53",NA,NA,"24",NA
"129","DAKOTA","ANGOSTURA RESERVOIR","FALL RIVER","4603","IMPOUNDMENT","23569","19.55","9.1","3.956","1.5","137","1924","1.9","0.019","0.005","0.16","0.47","1330",NA,"5","945","10230","3995",NA,"235","176090","130320","1100","9","0.53","101245",NA,"9.2"
"130","DAKOTA","BRANT LAKE","LAKE","1604","NATURAL",NA,"4.05","3.4",NA,NA,"175","1563","1.7",NA,"0.113","0.13","2.02",NA,NA,NA,NA,NA,NA,NA,NA,NA,"90909150099",NA,NA,NA,NA,NA,NA
"132","DAKOTA","CLEAR LAKE LMESO","MARSHALL","4606","NATURAL",NA,"4.31","3.7",NA,NA,"229",NA,"1.6","0.027","0.009","0.075","1.365",NA,NA,"900590",NA,NA,NA,NA,NA,NA,NA,NA,"66656",NA,NA,NA,NA
"133","DAKOTA","CLEAR LAKE","MINNEHAHA","607","NATURAL","0","1.91",NA,"0","0","276","498","0.1","10600","468","270","80800","0","0","0","0","0","0","0","0","0","0","0","0","0","0","0","0"
"134","DAKOTA","LAKE COCHRANE","DEUEL","4608","NATURAL",NA,"1.43",NA,NA,NA,NA,"2571","1.4","0.037","0.008","0.15","1.52",NA,NA,NA,NA,NA,NA,NA,NA,NA,NA,NA,NA,NA,NA,NA,NA
"136","DAKOTA","DEERFIELD LAKE","PENNINGTON","4610","IMPOUNDMENT","248.6","1.68","10.5","0.227","2","218","285","5","0.033","0.022","0.08","0.26","0","0","0","320","320","0","0","0","1755","7755","275","14","0.19","5500",NA,"0.6"
"137","DAKOTA","ENEMY SHIM LAKE","DAY",NA,"NATURAL",NA,"8.68","3",NA,NA,"259","373","1.5","0.037","0.013","0.085","1.005",NA,NA,NA,NA,NA,NA,NA,NA,NA,NA,NA,NA,NA,NA,NA,NA
"138","DAKOTA","LAKE HERMAN","LAKE","4612","NATURAL",NA,"5.46",NA,NA,"3.3","189","983","0.4","0.36","0.176","0.155","2.645",NA,NA,NA,NA,NA,NA,NA,NA,NA,NA,NA,NA,NA,NA,NA,NA
"139","DAKOTA","LAKE 57 JOHN","HAMLIN","4013","NATURAL","450.1","4.86",NA,"0.066","2.9","105","1290","0.3","0.34","0.025","0","3.39",NA,NA,NA,NA,NA,NA,NA,NA,NA,NA,NA,NA,NA,NA,NA,NA
"140","DAKOTA","LAME KAMPESKA","CODINGTDN","4614","NATURAL",NA,NA,NA,NA,NA,"223","419","0.3","0.22","0.123","0.105","1.105",NA,NA,NA,"0",NA,NA,NA,NA,NA,NA,NA,NA,NA,NA,NA,NA
"141","DAKOTA","LAKE MADISON","LAKE","4615","NATURAL","310.8","11033","3",NA,"1009","164","1461","1.4","0.25","0.107","0.09","2.52","4245",NA,"95","3930","8270","10395",NA,"3560","25590","39545","6156054116666",NA,"0.73",NA,NA,"3.5"
"142","DAKOTA","LAKE MITCHELL","DAVISON","4616","IMPOUNDMENT",NA,NA,"3.1",NA,NA,"187","1017","0.9","0.099","0.015","0.085","1.04",NA,NA,NA,NA,NA,NA,NA,NA,NA,NA,NA,NA,NA,NA,NA,NA
"143","DAKOTA","LAKE NORDEN","HAMLIN",NA,"NATURAL",NA,"3.02","2.1","909505.099","909009","215",NA,"0.3","0.256","0.05","0.165","2.11",NA,NA,NA,NA,NA,NA,NA,NA,NA,NA,NA,"0.0905",NA,NA,"50",NA
"144","DAKOTA","EAST OAKUOOD LAKE","RROOKINGS",NA,"NATURAL",NA,"4.05",NA,NA,NA,"159","1015","0.3","0.146","0.009","0.175",NA,NA,NA,NA,NA,NA,NA,NA,NA,NA,NA,NA,NA,NA,NA,NA,NA
"145","DAKOTA","HEST 0AMNOOD LAKE","RROONINGS","4019","NATURAL",NA,"1.21","1.8",NA,"690000","153","70","0.4","0.101","0.021","0.135","5.105",NA,NA,NA,"9000","9000",NA,NA,NA,NA,"90909009",NA,NA,NA,NA,NA,NA
"146","DAKOTA","PACTOLA RESERVOIR","PENNINGTON",NA,"IMPOUNDMENT","828.8",NA,"16.4","1.142","1.6",NA,"274",NA,"0.011","0.006","70","255",NA,NA,"25",NA,NA,NA,NA,"870","38675","39545","455",NA,"1.17",NA,"43","11.4"
"147","DAKOTA","PICKEREL LAKE","DAY","6621","NATURAL",NA,"3.86","5.1",NA,NA,"242","390","1.5","0.049","0.009","0.095",NA,NA,NA,NA,NA,NA,NA,NA,NA,NA,NA,NA,NA,NA,NA,NA,NA
"148","DAKOTA","LAKE PUINSETT","HROOKINGboHAMLIN","4622","NATURAL","733","29.26","2.9","0.073","35.6","267","1033","0.8","115","0.023","315","20165","0","0","0","0","0","0","0","0","0","0","0","0","0","0","0","0"
"149","DAKOTA","SOUTH RED IRON LAKE IMESO","MARSHALL","4623","NATURAL",NA,NA,"2.1",NA,"0","214","515","1.8","0.042","0.01","0.11","1.52",NA,NA,NA,NA,NA,NA,NA,NA,"600000990","660000006",NA,NA,NA,NA,NA,NA
"150","DAKOTA","RICHMOND LAKE","RROMN",NA,"IMPOUNDMENT","450.1","3.35","0.6","0.016","56","265","905","2.3","0.107","0.144","0.15","1.57",NA,"60060969159","30",NA,"315",NA,NA,"1145","4930","6075","30","92","0.11","410","93","1.8"
"151","DAKOTA","ROY LAKE","MARSHALL","4625","NATURAL","0","6.85","3.3","0","0","262","1152","1.8","0.034","0.01","0.07","1.97","0","0",NA,"0","0","0","0","0","0","0","0","0","60000","0","0","0"
"153","DAKOTA","SHERIDAN LAKE","PENNINGTON","6627","IMPOUNDMENT","230.5","1.56","10.2","0.16","3.6","106","177","2.7","0.053","0.016","0.105","0.565","9001291091500","9e+08","510","290","295",NA,"9600900000","245","5075","5320","170","62","0.19","3060","62","3.6"
"154","DAKOTA","STOCKADE LAKE","CUSTER","6628","IMPOUNDMENT","202","0.53","5.8","0.135","274","118","227","1.7","0.233","0.109","0.15","1.27","335",NA,NA,"425","560",NA,NA,NA,"5050","5590","1075",NA,"1.25","16780",NA,"10.5"
"155","DAKOTA","EAST VERHILLION LAKE","MCCOOK","4629","IMPOUNDMENT","1036","2.23","3.1","0.095","2.8","149","695","0.7","0.211","0.092","0.1","1.86",NA,NA,"5","655","660",NA,NA,"90","8660","8530","120","82","0.3","3655","57","3.8"
"156","DAKOTA","WALL LAAE","HINNEHAHA","4630","NATURAL",NA,"0.9","2.6",NA,NA,"113","1003","1.5","0.194","0.076","0.16","2.25",NA,NA,NA,NA,NA,NA,NA,NA,NA,NA,NA,NA,NA,NA,"0.09",NA
"157","DAKOTA","NORTH HAUBAY LAKE","DAY","4631","NATURAL","6666666666",NA,"2.1","6666606060","66.666",NA,"43016",NA,NA,"0.023","6145","36620",NA,NA,NA,NA,NA,"6666666666","6666666666","6666666666","6666666666","6666666666",NA,"90000",NA,"6666666666","66666","6666666666"
"158","TEXAS","AMISTAD RESERVOIR",NA,NA,"IMPOUNDMENT","313828.9","262.43","16.5","58.506","3.8","137","823","3.3","0.013","0.009","0.5","0.72",NA,NA,NA,"257295","251295",NA,NA,NA,NA,NA,"14320","94","0.98","1193690","72","16.2"
"159","TEXAS","LAKE BASTROP","BASTROP",NA,"IMPOUNDMENT",NA,"3.67","5.6","0.238","5.2",NA,"841","2","0.022","0.007","0.09","0.525",NA,NA,"0","935",NA,NA,NA,NA,"12100",NA,"105",NA,"0.27","2795","77","303"
"160","TEXAS","RELTDN RESERVOIR LMESO","HELL CURYELL","4801","IMPOUNDMENT","9230.8","50.27","10.8","18.32","1.6","142","388","3.1","0.018","0.007","0.185","0.52","24210",NA,"50","174400","198660","57570",NA,"1945","894340","953855","17455",NA,"3.95","480930","50","19"
"161","TEXAS","BRAUNIG LAKE","BEXAR","6806","IMPOUNDMENT","26.3","5.66","6","0.28","3.7","168","1250","1","0.136","0.062","0.15","1.06","0","0","0","0","0","0","0","0","0","0","0","0","0","0","0","0"
"162","TEXAS","LAKE BROHNHOOD","RROHN",NA,"IMPOUNDMENT","3975.6",NA,"6","4.893","1.5","120","542","0.8","0.027","0.007","0.1",NA,NA,NA,"170",NA,"8515",NA,NA,"6305","229335","235660","2975","65","0.29","85915","65","8"
"163","TEXAS","LAKE BUCHANAN","HURNET LLANO","4806","IMPOUNDMENT","80937.4","93.32","13.1","27.013","1.7","142","642","1.6","0.036","0.012","0.25","0.58","35",NA,"325","91510","91870","100",NA,"12180","1583845","1596125","15995",NA,"0.98",NA,"59","17.1"
"164","TEXAS","CADDO LAKE","CADDO LA, MARION HARRISON Tx","4001","IMPOUNDMENT","1101","132.09","1","50.92","42","11","114","0.9","0.051","0.012","0.01","0.1","3415",NA,"260","93400","91015","6300",NA,"9195","1433455","1449630","103390",NA,"0.13","1115590",NA,"11"
"166","TEXAS","CALAVERAS LAKE","BEXAR",NA,"IMPOUNDMENT","174.6","13.96","5.5","0.613","20","126","562","1","0.038","0.007","0.06","0.82","6666666666","6666666666","6666666666","10550","10550","6666666666","6666666666","6666666666","55455",NA,"175","98","0.76","3265","94","4"
"167","TEXAS","CANYON RESERVOIR","COHAL",NA,"IMPOUNDMENT","3719.2","33.35","14","8.756",NA,"180","373",NA,"0.01","0.006",NA,"0.63",NA,NA,"20","5100","5120",NA,NA,NA,NA,"490813","3105","39","0.15",NA,NA,NA
"168","TEXAS","LAKE COLORADO CITY","MITCHELL","4810","IMPOUNDMENT","834","6.52","6","0.336","3.9","141","1640","0.1","0.042","0.012","0.09","0.76",NA,NA,"115","1275","1390",NA,NA,"4265","21720","25985","1385","0",NA,"16620","36","4"
"169","TEXAS","LAKE CORPUS CHRISTI","JIH WELLS, LIVE OAK SAN PATRICIO","4811","IHPUUNUMENI","43149.4","88.63","4.2","25.4","175","161","972","0.6","0.113","0.05","0.13","0.64","6500",NA,"200","204255","212955","21110",NA,"7590","1620175","1648875",NA,"60","2.4","61141.7",NA,NA
"170","TEXAS","LAKE DIVERSION","ARCHER BAYLOR","4812","IMPOUNDMENT","5710.9","13.84","3.7","4.258","156","81","4530","0.8","0.025","0.009","0.08","0.525",NA,NA,"40","4540","4580",NA,NA,"1470","116995","118465","3575","22","0.33","91090","23","8.6"
"171","TEXAS","EAOLE HOUNIAIN LARI IMESO","TARRANI RISE","4913",NA,NA,"5102.3","33.42","3.4","3.1","135","337","0.3","0.024","0.003","0.07","0.42","1755",NA,"135","53200","55120","3880",NA,"6290",NA,"4440303","9390",NA,"1.51","233255","47","12.2"
"172","TEXAS","LAKE FORT PHANTOM HILL","JONES","4814","IMPOUNDMENT","1238","10.93","5.6","1.198","2.2","165","654","0.6","0.06","0.022","0.105","0.56",NA,NA,"125","3900",NA,NA,NA,"4700","6950","91650","1550","61","0.37","25050","73","8.4"
"173","TEXAS","LAKE LYNDON B JOHNSON IEUTHUPHICI","BURNET LLANO","4821","IMPOUNDMENT","93901.1","25.8","6.7","37.43","56","133","455","1.1","0.042","0.013","0.42","0.85","16045",NA,"465","19075","35985","49310",NA,"17390","931600",NA,"349756",NA,NA,"1092665",NA,NA
"174","TEXAS",NA,NA,"4816","IMPOUNDMENT","5402.7","62.17","5.3","5.42","2.8","83","3884","1.1","0.023","0.007","0.11","0.51",NA,NA,"215","12025","12240",NA,NA,"8150","207795","215935",NA,"69","0.2",NA,"590","305"
"175","TEXAS","LAKE HOUSTON","HARRIS","4817","IMPOUNDMENT","7324.5",NA,"1.7",NA,"55","31","222","0.1","0.097","0.036","0.26","0.98","145255",NA,NA,"158415","303670","435605",NA,NA,"1768970","2204575","171655",NA,"6.13","1779315","19","64.5"
"176","TEXAS","LAKE 01 THE PINES","CAMP MARION MORRIS UPSMUR","4010","IMPOUNDMENT","2201.5","75.27","4.1","17.41","221","21","135","1.5","0.031","0.011","0.09","0.53","10930",NA,"95","45600","64625","53765",NA,"3525","665015","723105","16010","74","0.06","300395","46","9.6"
"178","TEXAS","LAKE LAVON","COLLIN","4019","IMPOUNDMENT",NA,"6.43","6.5","13.452","1.4","133","330","0.4","0.063","0.01","0.1","0.41","27260",NA,"0","61365","705","59550",NA,"3100","465","71115","20000","77","1.03","395205","55","10.1"
"179","TEXAS","LAKE LERISVILLE TFUTHUPHICI","DENTON","4815","IMPOUNDMENT",NA,"93.93","6",NA,"0.8","113","320","0.6","0.045","0.018","0.38","0.655","34060",NA,NA,"83045","117105","175260","9888868880",NA,"811570","1046730","36980","68","1.25","529400","49","11.1"
"181","TEXAS","LIVINGSTON RESERVOIR","POLK SAN JACINTO TRINITY IALKFR","4820","IMPOUNDMENT","42950","334.28","6.5","191.576","130","89","376","0.9","0.196","0.128","0.555","1.31","42240",NA,"30","2106290","2148560","118460",NA,"1110","12252075","12371645","923050","57","6.43","7703650","38","31"
"182","TEXAS","MEDINA LANE IMESO","SANDERA MEDINA","4622","IMPOUNDMENT","1642.1","22.56","13.9","-4.49","2.7","179","364","2.4","0.01","0.004","0.6","0.76","1135",NA,"125","1625","2665","3400",NA,"4745","202275","210420","1160","60","0.13","67290","59","9.3"
"183","TEXAS","LAKE MEREDITH","HUTCHINSON MOORE POTTER","4823","IMPOUNDMENT","41564.3","66.77","16","6.884","8.6","188","1538","1.5","0.021","0.009","0.07","0.435","123605",NA,NA,"304350","427955","370710",NA,NA,"1258360","1629070","1580","100","6.41","75185","95","24.4"
"184","TEXAS","PALESTINE RESERVOIR","ANDERSON CHEROKEE HENDERSON SMITH","4824","IMPOUNDMENT","2201.5","103.44","4.9","12.616","1.3","24","148","1.5","0.031","0.01","0.18","0.66","45530",NA,NA,NA,"69655","137430",NA,NA,NA,"541560","8995","87","0.67","231505","57","5.2"
"185","TEXAS","POSSUM KINGDOM RESERVOIR IMESO","PALO PINTO STEPHENS YOUNG","4825","IMPOUNDMENT","58404.5","80.13","11.2","28.59","1","103","3517","2.1","0.023","0.009","0.07","0.52","8930",NA,"255","207480","216665","26315",NA,"9535","1596285","1632135","29035","86","2.7","1006145","38","20.4"
"186","TEXAS","O C FISHER","TOM GREEN",NA,"IMPOUNDMENT","3053.9","21.05","6.5","0.796","11","154","459","0.5","0.09","0.011","0.14","0.995",NA,NA,NA,"1395","1395",NA,NA,NA,NA,NA,"1160","17","0.06","13070","1","3.2"
"187","TEXAS","SAM RAYOURN RESERVOIR","ANGELINA JASPER NACOGDOCHES SABINE","4027","IMPOUNDMENT","932.9","463.4","7.7","43.44","1.4","24","143","1.5","0.029","0.009","0.15","0.6","28525",NA,"35","111995","140055","4375",NA,"1300","1606345","1692020","910","42","0.3","1554360","0","3.7"
"189","TEXAS","E V SPENCE RESERVOIR","COAE","4828","IMPOUNDMENT","40766.6","25.62","6.7","2.059","7.1","135","1970","0.9","0.036","0.008","0.08","0.63",NA,NA,NA,"14120","14120",NA,NA,NA,"118660","118660","720","95","0.55","14945","87","4.6"
"190","TEXAS","SOMEHVILLE LAKE","BURLESONO LEE HASHINGTON",NA,"IMPOUNDMENT","2610.7","46.38","4.3","7.82","96","46","3950",NA,"53","13","115","120","3760",NA,"5","21250",NA,"11255",NA,"310",NA,"538150","168350","33","0.54","276400","37","9.6"
"191","TEXAS","LAKE STAMFORD IFUTRHPHICI","HASKELL","4830","IMPOUNDMENT","932.4","19","3.5","1.511","2.5","184","1104","0.4","0.073","0.012","0.06","0.92","9225",NA,"50","18150",NA,"28695",NA,"1810","94175",NA,"2310","92","1.44","34515","72","6.6"
"192","TEXAS","STILLHUUSE HOLLOH RESERV","HELL OIR","4831","IMPOUNDMENT","3413.6","26.02","11.3","8.26","1","162","549","2.4","0.018","0.01","0.16","0.415","6350",NA,NA,"3235","9555","19045",NA,NA,"256140","275185","3520","63","0.37","143395","48","10.6"
"193","TEXAS","LAKE TAMAKONI","HUNT RAINS VAN zANDT","6332","IMPOUNDMENT","1957.9","160.52","7.7","11.26","3.2","79","166","0","0.066","0.013","0.1","0.63","32115","9690909099",NA,"102530",NA,"62485",NA,NA,"76630","939115","16350",NA,"0.91","276370","71","6.3"
"194","TEXAS","LAKE TEKOMA","COOKE GRAYSON TXTBRYAN JOHNSON LOVE MARSHALL 0K","4834","IMPOUNDMENT","87500.5","360.18","5.7","147.693","173","128","1342","1.2","0.042","0.018","0.16","0.6","38495",NA,"225","1439695","1478415","112245",NA,"8445","10862425","10983115","591900","60","4.1","6143655","44","30.5"
"195","TEXAS","LAKE TRAVIS","RURNET TRAVlb","4635","IMPOUNDMENT","98756.6","76.61","18.9","48.43","1",NA,"451","2.6","0.016","0.007","0.25","0.56","2325",NA,"15","47060","49400","6970",NA,"640","1925525","1933135","27165","45","0.64","1121110","42","25.2"
"196","TEXAS","TRINIDAD LAKE","HENDERSON","4036","IMPOUNDMENT",NA,"2.99","3.1",NA,"90.09","202","1037","0.5","0.309","0.24","0.11","1.09",NA,NA,NA,NA,NA,NA,NA,NA,NA,NA,NA,NA,NA,NA,NA,NA
"197","TEXAS","THIN HUTTES RESERVOIR","TOM GREEN","6837","IMPOUNDMENT","6594.1","36.5","6.3","1.255","1409","160","575","1.1","0.029","0.009","0.25","0.76",NA,NA,NA,"111200","111200",NA,NA,NA,NA,NA,"16470","85","3",NA,NA,NA
"198","TEXAS","HHITE RIVER RESERVOIR IMESO","CROSEY","4838","IMPOUNDMENT","2007.2","7.32","6.5","0.501","12.8","199","644","1.7","0.02","6009","0.11",NA,NA,NA,"15",NA,NA,NA,NA,"535","20500","21035","65","86","0.06","3525",NA,"2.9"
"199","TEXAS","HHITNEY RESERVOIR","ROSDUE HILL","4839","IMPOUNDMENT","67780.2","95.35","8.1","68.776","0.8","125","1920","1.8","0.028","0.008","0.12","0.62","11170",NA,"250","106660","117880","33495",NA,"9425","1624540","1667660","28815","76","1.24","1395635","16","17.5"
"200","TEXAS",NA,"BOhIEO CASS",NA,"IMPOUNDMENT","8917.4","126.13","3","75.517","57","49","203","0.5","0.106","0.03","0.12","0.66","35770",NA,NA,"222725","258495","105995",NA,NA,"2212490","2318685","294435",NA,"2.05","2247780","3","13.4"
